function ret = f2b(xcu, T)
R=8.3145;
a2 = -1700. - 0.099*T;
a3 = -35534. + 47.534*T;
a4 = 139840. - 97.424*T;
a5 = -65400. + 48.392*T;

ret = R*T/(xcu.*(1-xcu)) + 2*a2 + 6*a3 * xcu + 12*a4 * xcu.^2 + 20*a5 * xcu.^3;